AS	AT	GB	KN	KR	PJ	SA	SK	SS	SV	
0	0	0	0	0	0	0	0	0	0	
0	6	-6	0	0	0	6	0	0	-6	
2	4	-6	0	0	0	6	-2	0	-4	
7.5	4	-9.5	0	0	0	-3.5	5.5	0	-4	
7.5	1	-8	0	0	0	-0.666666666666667	5.5	0	-1	
8	-1.5	-8	0	0	0	-0.666666666666667	0.666666666666667	0	1.5	
8.5	-1.5	-8.5	0	0	0	2	-2	0	1.5	
8.2	0.2	-8.5	0	0	0	0.2	-3	0	1.5	
8.2	-0.833333333333333	-8.5	6	0	0	1.16666666666667	-3	0	0	
7.16666666666667	-0.833333333333333	-8.5	4	-2	0	1.16666666666667	-3	0	-0.333333333333333	
4.71428571428571	0.714285714285714	-8.5	4	-6	0	2.42857142857143	-3	0	-0.333333333333333	
4.71428571428571	0.375	-8.5	2	-6	0	2.375	-3	0	0	
5.625	0.375	-8.5	-1.5	-8	0	2.375	-3	0	1.5	
4.33333333333333	0.375	-8.5	0	-8	0	1.44444444444444	-3	0	2	
4.33333333333333	0.375	-8.5	1	-7.5	0	1.9	-3	0	1.2	
4.33333333333333	1.55555555555556	-8.5	-0.714285714285714	-7.5	0	0.727272727272727	-3	0	2.09090909090909	
4.33333333333333	2.5	-8.5	0.75	-7.5	0	0.727272727272727	-4.33333333333333	0	1	
4.33333333333333	2.72727272727273	-8.5	0.111111111111111	-7.5	0	1.08333333333333	-4.42857142857143	0	1	
4.33333333333333	1.83333333333333	-8.5	0.9	-7.5	0	0.384615384615385	-4.42857142857143	0	1.53846153846154	
4.33333333333333	1.15384615384615	-8.5	0.9	-7.5	0	0.857142857142857	-4.75	0	1.92857142857143	
4.33333333333333	1.15384615384615	-8.5	0.636363636363636	-7.5	0	0.666666666666667	-4	0	1.93333333333333	
4.33333333333333	0.571428571428571	-8.5	1.16666666666667	-7.5	0	0.666666666666667	-4.3	0	2.25	
4.6	0.571428571428571	-8.5	0.538461538461538	-7.5	0	0.1875	-4.3	0	2.52941176470588	
3.81818181818182	0.8	-8.5	0.538461538461538	-7.5	0	0.411764705882353	-4.27272727272727	0	2.52941176470588	
3.81818181818182	0.625	-8.5	0.642857142857143	-7.5	0	0.411764705882353	-3.75	0	2.27777777777778	
3.33333333333333	0.625	-8.5	0.466666666666667	-7.5	0	0.5	-3.75	0	2.26315789473684	
3.69230769230769	0.117647058823529	-8.5	0.466666666666667	-7.5	0	0.894736842105263	-4.07692307692308	0	2.26315789473684	
3.69230769230769	0.722222222222222	-8.5	1.125	-7.5	0	0.894736842105263	-4.57142857142857	0	1.6	
3.07142857142857	0.421052631578947	-8.5	1.125	-5	0	1.1	-4.57142857142857	0	1.6	
2.2	0.421052631578947	-8.5	1.125	-5	0	1.52380952380952	-4.93333333333333	0	2	
2.2	0.2	-8.5	1.125	-3.5	0	1.52380952380952	-4.875	0	2.09090909090909	
1.9375	0.285714285714286	-8.5	1.125	-3.28571428571429	0	1.54545454545455	-4.875	0	2.09090909090909	
1.94117647058824	0.285714285714286	-8.5	1.125	-3.28571428571429	0	1.39130434782609	-4.70588235294118	0	2.08695652173913	
1.94117647058824	-0.0909090909090909	-8.5	1.125	-3.875	0	1.39130434782609	-4	0	2.33333333333333	
1.94117647058824	0.304347826086957	-8.5	1.125	-4.44444444444444	0	1.70833333333333	-4.26315789473684	0	2.33333333333333	
1.94117647058824	0.125	-8.5	1.125	-4.44444444444444	0	1.8	-3.85	0	2.08	
1.94117647058824	-0.36	-8.5	1.125	-5.2	0	2.19230769230769	-3.85	0	2.46153846153846	
2.05555555555556	-0.36	-8.5	1.125	-5.09090909090909	0	2.25925925925926	-3.85	0	2.22222222222222	
1.84210526315789	-0.269230769230769	-8.5	1.125	-5.09090909090909	0	2.25	-3.85	0	2.07142857142857	
1.84210526315789	-0.62962962962963	-8.5	1.64705882352941	-5.5	0	2.25	-3.85	0	2.3448275862069	
2.05	-0.62962962962963	-8.5	1.88888888888889	-5.53846153846154	0	1.96551724137931	-3.85	0	2.3448275862069	
2.14285714285714	-0.464285714285714	-8.5	1.88888888888889	-5.53846153846154	0	1.76666666666667	-3.85	0	2.13333333333333	
2.5	-0.793103448275862	-8.5	1.26315789473684	-5.53846153846154	0	1.76666666666667	-3.85	0	2.38709677419355	
2.5	-0.7	-8.5	1.26315789473684	-5.28571428571429	0	1.7741935483871	-3.85	0	2.25	
2.47826086956522	-0.612903225806452	-8.5	1.26315789473684	-5.28571428571429	0	1.65625	-3.85	0	2.12121212121212	
1.875	-0.612903225806452	-8.5	1.26315789473684	-4.13333333333333	0	1.96969696969697	-3.85	0	1.70588235294118	
1.875	-0.78125	-8.5	1.26315789473684	-4.25	0	2.08823529411765	-3.85	0	1.82857142857143	
1.68	-0.666666666666667	-8.5	1.26315789473684	-4.25	0	1.94285714285714	-3.85	0	1.86111111111111	
1.38461538461538	-0.470588235294118	-8.5	1.26315789473684	-4.35294117647059	0	2.05555555555556	-3.85	0	1.86111111111111	
1.38461538461538	-0.342857142857143	-8.5	1.26315789473684	-4.33333333333333	0	2.10810810810811	-3.85	0	1.7027027027027	
1.38461538461538	-0.416666666666667	-8.5	1.26315789473684	-3.94736842105263	0	2.13157894736842	-3.85	0	1.57894736842105	
1.38461538461538	-0.416666666666667	-8.5	0.9	-4.05	0	2.23076923076923	-3.38095238095238	0	1.57894736842105	
1.38461538461538	-0.0810810810810811	-8.5	0.285714285714286	-4.05	0	2.23076923076923	-3.77272727272727	0	1.84615384615385	
1.38461538461538	-0.447368421052632	-8.5	0.285714285714286	-4.52380952380952	0	2.525	-3.77272727272727	0	2.15	
1.38461538461538	-0.666666666666667	-8.5	0.681818181818182	-4.52380952380952	0	2.68292682926829	-4	0	2.15	
1.38461538461538	-0.666666666666667	-8.5	1.08695652173913	-4.52380952380952	0	2.38095238095238	-4.25	0	2.34146341463415	
1.38461538461538	-0.4	-8.5	1.45833333333333	-4.52380952380952	0	2.38095238095238	-4.48	0	2.04761904761905	
1.38461538461538	-0.146341463414634	-8.5	1.45833333333333	-4.52380952380952	0	2.55813953488372	-4.48	-10	1.76744186046512	
1.38461538461538	-0.146341463414634	-8.2	1.68	-4.52380952380952	7	2.55813953488372	-4.57692307692308	-10	1.76744186046512	
1.38461538461538	-0.404761904761905	-8.2	1.68	-4.52380952380952	7	2.75	-4.57692307692308	-10.5	1.97727272727273	
1.38461538461538	-0.404761904761905	-5.16666666666667	1.68	-4.52380952380952	-1.5	2.75	-4.57692307692308	-10.3333333333333	2.15555555555556	
1.38461538461538	-0.441860465116279	-5.16666666666667	1.69230769230769	-4.52380952380952	-1.5	2.73333333333333	-4.48148148148148	-10.3333333333333	2.15555555555556	
1.38461538461538	-0.295454545454545	-5.16666666666667	1.69230769230769	-4.52380952380952	1	2.54347826086957	-4.48148148148148	-9.25	2.15555555555556	
1.38461538461538	-0.295454545454545	-5.28571428571429	1.40740740740741	-4.52380952380952	1	2.54347826086957	-4.10714285714286	-9.25	2.23913043478261	
1.38461538461538	-0.133333333333333	-5.28571428571429	1.40740740740741	-4.52380952380952	-1	2.34042553191489	-4.10714285714286	-9.25	2.34042553191489	
1.38461538461538	-0.133333333333333	-4.125	1.21428571428571	-4.52380952380952	-1	2.34042553191489	-3.82758620689655	-8.2	2.34042553191489	
1.38461538461538	0	-4.125	1.21428571428571	-4.52380952380952	-2	2.41666666666667	-3.82758620689655	-8.2	2.16666666666667	
1.38461538461538	0	-3	1.37931034482759	-4.52380952380952	-2	2.41666666666667	-3.9	-7.83333333333333	2.16666666666667	
1.38461538461538	0	-3	1.37931034482759	-4.52380952380952	-2.16666666666667	2.41666666666667	-3.9	-6.28571428571429	2.18367346938776	
1.38461538461538	0.148936170212766	-3	1.56666666666667	-4.52380952380952	-2.16666666666667	2.22448979591837	-4	-6.28571428571429	2.18367346938776	
1.44444444444444	0.208333333333333	-3	1.41935483870968	-4.52380952380952	-2.16666666666667	2.22448979591837	-4	-6.28571428571429	2.08	
1.57142857142857	0.102040816326531	-3	1.21875	-4.52380952380952	-2.16666666666667	2.22448979591837	-4	-6.28571428571429	2.13725490196078	
1.27586206896552	0.24	-3	0.96969696969697	-4.52380952380952	-2.16666666666667	2.22448979591837	-4	-6.28571428571429	2.23076923076923	
0.866666666666667	0.450980392156863	-3	0.617647058823529	-4.52380952380952	-2.16666666666667	2.22448979591837	-4	-6.28571428571429	2.39622641509434	
1.03225806451613	0.326923076923077	-3	0.428571428571429	-4.52380952380952	-2.16666666666667	2.22448979591837	-4	-6.28571428571429	2.46296296296296	
0.8125	0.207547169811321	-3	0.583333333333333	-4.52380952380952	-2.16666666666667	2.22448979591837	-4	-6.28571428571429	2.52727272727273	
0.909090909090909	0.207547169811321	-3	0.583333333333333	-4.52380952380952	-2.16666666666667	2.26	-4	-6.28571428571429	2.41071428571429	
1.14705882352941	0.207547169811321	-3	0.324324324324324	-4.52380952380952	-2.16666666666667	2.03921568627451	-4	-6.28571428571429	2.52631578947368	
1.14705882352941	0.207547169811321	-3	0.263157894736842	-4.52380952380952	-2.16666666666667	2.03846153846154	-3.93939393939394	-6.28571428571429	2.51724137931034	
1.17142857142857	0.207547169811321	-3	0.205128205128205	-4.52380952380952	-2.16666666666667	2.03846153846154	-3.76470588235294	-6.28571428571429	2.4406779661017	
1.38888888888889	0.207547169811321	-3	0.425	-4.52380952380952	-2.16666666666667	1.83018867924528	-3.91428571428571	-6.28571428571429	2.4406779661017	
1.24324324324324	0.207547169811321	-3	0.425	-4.52380952380952	-2.16666666666667	1.72222222222222	-3.69444444444444	-6.28571428571429	2.46666666666667	
1.52631578947368	0.207547169811321	-3	0.425	-4.52380952380952	-2.16666666666667	1.47272727272727	-3.27027027027027	-6.28571428571429	2.22950819672131	
1.52631578947368	0.207547169811321	-3.09090909090909	0.51219512195122	-4.52380952380952	-2.16666666666667	1.375	-3.07894736842105	-6.28571428571429	2.22950819672131	
1.20512820512821	0.207547169811321	-3.09090909090909	0.761904761904762	-4.52380952380952	-2.16666666666667	1.54385964912281	-3.28205128205128	-6.28571428571429	2.22950819672131	
0.95	0.207547169811321	-3.58333333333333	0.761904761904762	-4.52380952380952	-2.16666666666667	1.67241379310345	-2.975	-6.28571428571429	2.22950819672131	
1.26829268292683	0.207547169811321	-4.38461538461539	0.761904761904762	-4.52380952380952	-2.16666666666667	1.88135593220339	-3.24390243902439	-6.28571428571429	2.22950819672131	
1.04761904761905	0.207547169811321	-4.64285714285714	0.761904761904762	-4.52380952380952	-2.16666666666667	1.98333333333333	-2.97619047619048	-6.28571428571429	2.22950819672131	
1.11627906976744	0.207547169811321	-4.6	0.761904761904762	-4.52380952380952	-2.16666666666667	1.88524590163934	-2.81395348837209	-6.28571428571429	2.22950819672131	
1.13636363636364	0.207547169811321	-4.4375	0.761904761904762	-4.52380952380952	-2.16666666666667	1.88709677419355	-2.79545454545455	-6.28571428571429	2.22950819672131	
1.15555555555556	0.166666666666667	-4.4375	0.761904761904762	-4.52380952380952	-2.16666666666667	1.88888888888889	-2.79545454545455	-6.28571428571429	2.16129032258065	
1.21739130434783	0.236363636363636	-4.4375	0.761904761904762	-4.52380952380952	-2.16666666666667	1.796875	-2.79545454545455	-6.28571428571429	2.06349206349206	
1.27659574468085	0.160714285714286	-4.4375	0.761904761904762	-4.52380952380952	-2.16666666666667	1.70769230769231	-2.79545454545455	-6.28571428571429	2.09375	
1.10416666666667	0.280701754385965	-4.4375	0.761904761904762	-4.52380952380952	-2.16666666666667	1.78787878787879	-2.79545454545455	-6.28571428571429	1.95384615384615	
1.16326530612245	0.344827586206897	-4.4375	0.761904761904762	-4.52380952380952	-2.16666666666667	1.70149253731343	-2.79545454545455	-6.28571428571429	1.86363636363636	
1.1	0.372881355932203	-4.4375	0.761904761904762	-4.52380952380952	-2.16666666666667	1.64705882352941	-2.79545454545455	-6.28571428571429	1.86567164179104	
1.15686274509804	0.3	-4.4375	0.761904761904762	-4.52380952380952	-1.28571428571429	1.56521739130435	-2.79545454545455	-6.28571428571429	1.86567164179104	
1.15686274509804	0.3	-4.4375	0.761904761904762	-4.52380952380952	-1.625	1.6	-2.82222222222222	-6.28571428571429	1.89705882352941	
1	0.409836065573771	-4.4375	0.761904761904762	-4.52380952380952	-1.625	1.6	-2.91304347826087	-6.28571428571429	1.97101449275362	
1	0.661290322580645	-4.4375	0.761904761904762	-4.52380952380952	-3.22222222222222	1.80281690140845	-2.91304347826087	-6.28571428571429	1.71428571428571	
1.15094339622642	0.661290322580645	-4.4375	0.761904761904762	-4.52380952380952	-3.8	1.90277777777778	-3.04255319148936	-6.28571428571429	1.71428571428571	
1.16666666666667	0.619047619047619	-4.4375	0.761904761904762	-4.52380952380952	-3.8	1.90277777777778	-3.02083333333333	-6.28571428571429	1.71830985915493	
1.16666666666667	0.75	-4.4375	0.761904761904762	-4.52380952380952	-4.27272727272727	1.75342465753425	-3.02083333333333	-6.28571428571429	1.81944444444444	
1.16666666666667	0.938461538461538	-4.4375	0.761904761904762	-4.90909090909091	-4.27272727272727	1.55405405405405	-3.02083333333333	-6.28571428571429	1.97260273972603	
1.16666666666667	1.15151515151515	-4.4375	0.761904761904762	-5.34782608695652	-4.27272727272727	1.73333333333333	-3.02083333333333	-6.28571428571429	1.74324324324324	
1.16666666666667	1.15151515151515	-4.4375	0.761904761904762	-5.5	-4.27272727272727	1.59210526315789	-2.77551020408163	-6.28571428571429	1.84	
1.16666666666667	1.04477611940298	-4.4375	0.761904761904762	-5.5	-4.27272727272727	1.64935064935065	-2.84	-6.28571428571429	1.89473684210526	
1.16666666666667	1.11764705882353	-4.4375	0.761904761904762	-5.04	-4.27272727272727	1.55128205128205	-2.90196078431373	-6.28571428571429	1.89473684210526	
1.16666666666667	1.30434782608696	-4.4375	0.761904761904762	-5.38461538461539	-4.27272727272727	1.55128205128205	-3.11538461538462	-6.28571428571429	2.05194805194805	
1.16666666666667	1.32857142857143	-4.4375	0.761904761904762	-5.38461538461539	-4.27272727272727	1.49367088607595	-3	-6.28571428571429	1.98717948717949	