AS	AT	GB	KN	KR	PJ	SA	SK	SS	SV	
0	0	0	0	0	0	0	0	0	0	
0	21	15	0	0	0	21	0	0	15	
21	21	15	0	0	0	21	19	0	17	
21	21	11.5	0	0	0	14.5	20	0	17	
21	19.3333333333333	13	0	0	0	16.6666666666667	20	0	18.3333333333333	
21	17.5	13	0	0	0	16.6666666666667	17.3333333333333	0	19	
21	17.5	12.5	0	0	0	17.75	15.75	0	19	
21	18.2	12.5	0	0	0	17	15.4	0	19	
21	17.6666666666667	12.5	21	0	0	17.6666666666667	15.4	0	18.2	
21	17.6666666666667	12.5	21	19	0	17.6666666666667	15.4	0	18.3333333333333	
19.5714285714286	18.1428571428571	12.5	21	15	0	18.1428571428571	15.4	0	18.3333333333333	
19.5714285714286	18.25	12.5	20.3333333333333	15	0	18.5	15.4	0	18.7142857142857	
19.75	18.25	12.5	17.5	13	0	18.5	15.4	0	19	
19.2222222222222	18.25	12.5	18.2	13	0	18.1111111111111	15.4	0	19.2222222222222	
19.2222222222222	18.25	12.5	18.6666666666667	13.5	0	18.4	15.4	0	18.8	
19.2222222222222	18.5555555555556	12.5	17.4285714285714	13.5	0	17.6363636363636	15.4	0	19	
19.2222222222222	18.8	12.5	17.875	13.5	0	17.6363636363636	14.5	0	18.25	
19.2222222222222	19	12.5	17.6666666666667	13.5	0	17.9166666666667	14.7142857142857	0	18.25	
19.2222222222222	18.5	12.5	18	13.5	0	17.5384615384615	14.7142857142857	0	18.4615384615385	
19.2222222222222	18.1538461538462	12.5	18	13.5	0	17.7857142857143	14.625	0	18.6428571428571	
19.2222222222222	18.1538461538462	12.5	18.0909090909091	13.5	0	17.8666666666667	15.3333333333333	0	18.8	
19.2222222222222	17.8571428571429	12.5	18.3333333333333	13.5	0	17.8666666666667	15.2	0	18.9375	
19.4	17.8571428571429	12.5	18	13.5	0	17.625	15.2	0	19.0588235294118	
19.1818181818182	18.0666666666667	12.5	18	13.5	0	17.8235294117647	15.3636363636364	0	19.0588235294118	
19.1818181818182	18.1875	12.5	18.2857142857143	13.5	0	17.8235294117647	15.9166666666667	0	19.1111111111111	
19.25	18.1875	12.5	18.4	13.5	0	18.0555555555556	15.9166666666667	0	19.2631578947368	
19.3846153846154	17.8823529411765	12.5	18.4	13.5	0	18.2105263157895	15.6923076923077	0	19.2631578947368	
19.3846153846154	18.0555555555556	12.5	18.5625	13.5	0	18.2105263157895	15.2857142857143	0	18.8	
19.1428571428571	17.9473684210526	12.5	18.5625	15	0	18.35	15.2857142857143	0	18.8	
18.6	17.9473684210526	12.5	18.5625	15	0	18.4761904761905	15	0	18.9047619047619	
18.6	17.9	12.5	18.5625	16	0	18.4761904761905	15.125	0	19	
18.625	18.047619047619	12.5	18.5625	16.4285714285714	0	18.5909090909091	15.125	0	19	
18.7647058823529	18.047619047619	12.5	18.5625	16.4285714285714	0	18.6086956521739	15.3529411764706	0	19.0869565217391	
18.7647058823529	17.8181818181818	12.5	18.5625	16	0	18.6086956521739	15.6666666666667	0	19.1666666666667	
18.7647058823529	17.9565217391304	12.5	18.5625	15.5555555555556	0	18.7083333333333	15.4736842105263	0	19.1666666666667	
18.7647058823529	17.9166666666667	12.5	18.5625	15.5555555555556	0	18.8	15.75	0	19.08	
18.7647058823529	17.56	12.5	18.5625	14.9	0	18.8846153846154	15.75	0	19.1538461538462	
18.8888888888889	17.56	12.5	18.5625	15.0909090909091	0	18.962962962963	15.75	0	19.0740740740741	
18.9473684210526	17.7307692307692	12.5	18.5625	15.0909090909091	0	19.0714285714286	15.75	0	19.1071428571429	
18.9473684210526	17.4814814814815	12.5	18.7058823529412	14.75	0	19.0714285714286	15.75	0	19.1724137931034	
19.05	17.4814814814815	12.5	18.8333333333333	14.7692307692308	0	18.9310344827586	15.75	0	19.1724137931034	
19.1428571428571	17.6071428571429	12.5	18.8333333333333	14.7692307692308	0	18.8666666666667	15.75	0	19.1	
19.2272727272727	17.3793103448276	12.5	18.4210526315789	14.7692307692308	0	18.8666666666667	15.75	0	19.1612903225806	
19.2272727272727	17.5	12.5	18.4210526315789	15.0714285714286	0	18.9354838709677	15.75	0	19.15625	
19.4782608695652	17.741935483871	12.5	18.4210526315789	15.0714285714286	0	19.0625	15.75	0	19.2727272727273	
19.0416666666667	17.741935483871	12.5	18.4210526315789	15.4666666666667	0	19.1212121212121	15.75	0	18.9705882352941	
19.0416666666667	17.65625	12.5	18.4210526315789	15.4375	0	19.1764705882353	15.75	0	19.0285714285714	
19	17.7575757575758	12.5	18.4210526315789	15.4375	0	19.1428571428571	15.75	0	19.0833333333333	
18.8461538461538	17.8529411764706	12.5	18.4210526315789	15.4117647058824	0	19.1944444444444	15.75	0	19.0833333333333	
18.8461538461538	17.9428571428571	12.5	18.4210526315789	15.5	0	19.2432432432432	15.75	0	19.027027027027	
18.8461538461538	17.9444444444444	12.5	18.4210526315789	15.7894736842105	0	19.2894736842105	15.75	0	19	
18.8461538461538	17.9444444444444	12.5	18.25	15.75	0	19.3333333333333	16	0	19	
18.8461538461538	18.027027027027	12.5	17.8095238095238	15.75	0	19.3333333333333	15.6818181818182	0	19.0512820512821	
18.8461538461538	17.7368421052632	12.5	17.8095238095238	15.3333333333333	0	19.375	15.6818181818182	0	19.1	
18.8461538461538	17.5897435897436	12.5	17.9545454545455	15.3333333333333	0	19.4146341463415	15.5217391304348	0	19.1	
18.8461538461538	17.5897435897436	12.5	18.0869565217391	15.3333333333333	0	19.2142857142857	15.3333333333333	0	19.1463414634146	
18.8461538461538	17.675	12.5	18.2083333333333	15.3333333333333	0	19.2142857142857	15.16	0	18.952380952381	
18.8461538461538	17.7560975609756	12.5	18.2083333333333	15.3333333333333	0	19.2558139534884	15.16	11	18.7674418604651	
18.8461538461538	17.7560975609756	12.8	18.32	15.3333333333333	21	19.2558139534884	15.1153846153846	11	18.7674418604651	
18.8461538461538	17.5714285714286	12.8	18.32	15.3333333333333	21	19.2954545454545	15.1153846153846	10.5	18.8181818181818	
18.8461538461538	17.5714285714286	14.1666666666667	18.32	15.3333333333333	16	19.2954545454545	15.1153846153846	10.6666666666667	18.8666666666667	
18.8461538461538	17.6279069767442	14.1666666666667	18.4615384615385	15.3333333333333	16	19.3555555555556	15.2962962962963	10.6666666666667	18.8666666666667	
18.8461538461538	17.7045454545455	14.1666666666667	18.4615384615385	15.3333333333333	17.6666666666667	19.2608695652174	15.2962962962963	11.75	18.8666666666667	
18.8461538461538	17.7045454545455	14.2857142857143	18.3333333333333	15.3333333333333	17.6666666666667	19.2608695652174	15.5	11.75	18.9130434782609	
18.8461538461538	17.7777777777778	14.2857142857143	18.3333333333333	15.3333333333333	16.75	19.1489361702128	15.5	11.75	18.9574468085106	
18.8461538461538	17.7777777777778	15.125	18.2857142857143	15.3333333333333	16.75	19.1489361702128	15.6896551724138	12.8	18.9574468085106	
18.8461538461538	17.8478260869565	15.125	18.2857142857143	15.3333333333333	16.4	19.1875	15.6896551724138	12.8	18.875	
18.8461538461538	17.8478260869565	15.7777777777778	18.3793103448276	15.3333333333333	16.4	19.1875	15.6666666666667	13.1666666666667	18.875	
18.8461538461538	17.8478260869565	16	18.3793103448276	15.3333333333333	16.6666666666667	19.1875	15.6666666666667	14.2857142857143	18.9183673469388	
18.8461538461538	17.9148936170213	16	18.4666666666667	15.3333333333333	16.6666666666667	19.0816326530612	15.6129032258065	14.2857142857143	18.9183673469388	
18.9259259259259	17.9791666666667	16	18.4516129032258	15.3333333333333	16.6666666666667	19.0816326530612	15.6129032258065	14.2857142857143	18.9	
19	17.9387755102041	16	18.375	15.3333333333333	16.6666666666667	19.0816326530612	15.6129032258065	14.2857142857143	18.9411764705882	
18.8275862068966	18	16	18.2424242424242	15.3333333333333	16.6666666666667	19.0816326530612	15.6129032258065	14.2857142857143	18.9807692307692	
18.5333333333333	18.0588235294118	16	18	15.3333333333333	16.6666666666667	19.0816326530612	15.6129032258065	14.2857142857143	19.0188679245283	
18.6129032258065	18	16	17.9142857142857	15.3333333333333	16.6666666666667	19.0816326530612	15.6129032258065	14.2857142857143	19.0555555555556	
18.5	17.9433962264151	16	18	15.3333333333333	16.6666666666667	19.0816326530612	15.6129032258065	14.2857142857143	19.0909090909091	
18.5757575757576	17.9433962264151	16	18	15.3333333333333	16.6666666666667	19.12	15.65625	14.2857142857143	19.0535714285714	
18.6470588235294	17.9433962264151	16	17.8378378378378	15.3333333333333	16.6666666666667	18.9803921568627	15.65625	14.2857142857143	19.0877192982456	
18.6470588235294	17.9433962264151	16	17.8947368421053	15.3333333333333	16.6666666666667	19.0384615384615	15.7878787878788	14.2857142857143	19.1379310344828	
18.7142857142857	17.9433962264151	16	17.9230769230769	15.3333333333333	16.6666666666667	19.0384615384615	15.9411764705882	14.2857142857143	19.135593220339	
18.7777777777778	17.9433962264151	16	18	15.3333333333333	16.6666666666667	18.9056603773585	15.8285714285714	14.2857142857143	19.135593220339	
18.7297297297297	17.9433962264151	16	18	15.3333333333333	16.6666666666667	18.8703703703704	15.9722222222222	14.2857142857143	19.1666666666667	
18.7894736842105	17.9433962264151	16	18	15.3333333333333	16.6666666666667	18.6909090909091	16.1081081081081	14.2857142857143	19	
18.7894736842105	17.9433962264151	16.0909090909091	18.0731707317073	15.3333333333333	16.6666666666667	18.6607142857143	16.2368421052632	14.2857142857143	19	
18.5641025641026	17.9433962264151	16.0909090909091	18.1428571428571	15.3333333333333	16.6666666666667	18.7017543859649	16.0769230769231	14.2857142857143	19	
18.4	17.9433962264151	15.75	18.1428571428571	15.3333333333333	16.6666666666667	18.7413793103448	16.2	14.2857142857143	19	
18.4634146341463	17.9433962264151	15.0769230769231	18.1428571428571	15.3333333333333	16.6666666666667	18.7796610169492	15.9756097560976	14.2857142857143	19	
18.3333333333333	17.9433962264151	14.9285714285714	18.1428571428571	15.3333333333333	16.6666666666667	18.8166666666667	16.0952380952381	14.2857142857143	19	
18.3953488372093	17.9433962264151	15.0666666666667	18.1428571428571	15.3333333333333	16.6666666666667	18.7868852459016	16.2093023255814	14.2857142857143	19	
18.4772727272727	17.9433962264151	15.375	18.1428571428571	15.3333333333333	16.6666666666667	18.8387096774194	16.2954545454545	14.2857142857143	19	
18.5333333333333	17.962962962963	15.375	18.1428571428571	15.3333333333333	16.6666666666667	18.8730158730159	16.2954545454545	14.2857142857143	19	
18.5869565217391	18.0181818181818	15.375	18.1428571428571	15.3333333333333	16.6666666666667	18.84375	16.2954545454545	14.2857142857143	18.968253968254	
18.6382978723404	18	15.375	18.1428571428571	15.3333333333333	16.6666666666667	18.8153846153846	16.2954545454545	14.2857142857143	19	
18.5416666666667	18.0526315789474	15.375	18.1428571428571	15.3333333333333	16.6666666666667	18.8484848484848	16.2954545454545	14.2857142857143	18.9230769230769	
18.5918367346939	18.1034482758621	15.375	18.1428571428571	15.3333333333333	16.6666666666667	18.8208955223881	16.2954545454545	14.2857142857143	18.8939393939394	
18.62	18.1694915254237	15.375	18.1428571428571	15.3333333333333	16.6666666666667	18.8382352941176	16.2954545454545	14.2857142857143	18.9402985074627	
18.6666666666667	18.15	15.375	18.1428571428571	15.3333333333333	17.2857142857143	18.8115942028986	16.2954545454545	14.2857142857143	18.9402985074627	
18.6666666666667	18.15	15.375	18.1428571428571	15.3333333333333	17.25	18.8428571428571	16.3111111111111	14.2857142857143	18.9705882352941	
18.5769230769231	18.1967213114754	15.375	18.1428571428571	15.3333333333333	17.25	18.8428571428571	16.2608695652174	14.2857142857143	19	
18.5769230769231	18.241935483871	15.375	18.1428571428571	15.3333333333333	15.8888888888889	18.8732394366197	16.2608695652174	14.2857142857143	18.8	
18.622641509434	18.241935483871	15.375	18.1428571428571	15.3333333333333	15.5	18.9027777777778	16.1702127659574	14.2857142857143	18.8	
18.7222222222222	18.3015873015873	15.375	18.1428571428571	15.3333333333333	15.5	18.9027777777778	16.2916666666667	14.2857142857143	18.8732394366197	
18.7222222222222	18.34375	15.375	18.1428571428571	15.3333333333333	15.1818181818182	18.8082191780822	16.2916666666667	14.2857142857143	18.9027777777778	
18.7222222222222	18.3846153846154	15.375	18.1428571428571	15	15.1818181818182	18.6621621621622	16.2916666666667	14.2857142857143	18.9315068493151	
18.7222222222222	18.4242424242424	15.375	18.1428571428571	14.6086956521739	15.1818181818182	18.6933333333333	16.2916666666667	14.2857142857143	18.7567567567568	
18.7222222222222	18.4242424242424	15.375	18.1428571428571	14.5	15.1818181818182	18.6052631578947	16.3877551020408	14.2857142857143	18.7866666666667	
18.7222222222222	18.3731343283582	15.375	18.1428571428571	14.5	15.1818181818182	18.6363636363636	16.36	14.2857142857143	18.8157894736842	
18.7222222222222	18.4117647058824	15.375	18.1428571428571	14.76	15.1818181818182	18.5897435897436	16.3333333333333	14.2857142857143	18.8157894736842	
18.7222222222222	18.4492753623188	15.375	18.1428571428571	14.4615384615385	15.1818181818182	18.5897435897436	16.1538461538462	14.2857142857143	18.8441558441558	
18.7222222222222	18.4857142857143	15.375	18.1428571428571	14.4615384615385	15.1818181818182	18.5822784810127	16.2452830188679	14.2857142857143	18.8333333333333	